DateTime,From,Value_IN
2021/11/19 22:45,0x64e32aee06a87151413d231c659dd84b8058d40a,10.0
