DateTime,From,Value_IN
2021/4/15 9:17,0x652f26cfd863f2ba3185d247057704fe3cf88bb0,1.0
