DateTime,From,Value_IN
2022/3/27 22:33,0xcbf1273e235211b91642385437287f35b6d48e93,10.0
